Length of kp_db 287_291_555. Length of index 287_291_555. Equal? True.
Start processing folder 'testset/Easy/' with index 'index_added_final.f'.
position index OrderedDict([(-1, 12), (0, 104)])
Certainty percentage correct OrderedDict([(1.8571428571428572, 1), (7.728813559322034, 1), (9.306122448979592, 1), (11.586206896551724, 1), (14.141414141414142, 1), (19.423423423423422, 1), (22.153846153846153, 1), (23.93877551020408, 1), (26.0, 1), (26.689655172413794, 1), (28.85217391304348, 1), (32.0, 1), (34.8, 1), (39.0, 1), (41.54, 1), (47.61904761904762, 1), (48.0, 1), (51.851851851851855, 1), (53.0, 1), (55.48245614035088, 1), (56.62015503875969, 1), (57.0, 1), (62.44897959183673, 1), (62.857142857142854, 1), (65.76470588235294, 1), (66.0, 1), (67.0, 1), (68.25, 1), (69.0, 1), (72.61870503597122, 1), (74.0, 2), (76.21621621621621, 1), (80.0, 1), (81.49779735682819, 1), (82.0, 1), (82.8125, 1), (88.0, 1), (89.0, 1), (100.0, 65)])
Certainty percentage incorrect OrderedDict([(0.6, 1), (0.8888888888888888, 1), (1.6923076923076923, 1), (3.125, 1), (6.109090909090909, 1), (6.179640718562874, 1), (10.23076923076923, 1), (11.40983606557377, 1), (13.136752136752136, 1), (19.40983606557377, 1), (27.333333333333332, 1), (71.0, 1)])
Certain [76, 0]
Uncertain [28, 12]
No Result [0, 0]
Start processing folder 'testset/Hard/' with index 'index_added_final.f'.
position index OrderedDict([(-1, 9), (0, 88), (1, 3), (2, 2), (3, 2), (4, 2), (6, 1), (9, 1), (10, 1), (12, 2), (13, 1), (25, 1), (32, 1), (34, 1), (131, 1), (2167, 1)])
Certainty percentage correct OrderedDict([(1.0, 2), (1.5, 1), (2.0, 2), (2.459016393442623, 1), (2.607843137254902, 1), (2.75, 1), (2.7599067599067597, 1), (3.125, 1), (3.142857142857143, 1), (3.8181818181818183, 1), (4.0, 1), (4.133858267716535, 1), (5.0, 1), (6.045454545454546, 1), (6.25, 1), (7.0, 1), (8.592592592592593, 1), (11.20754716981132, 1), (12.89655172413793, 1), (12.970588235294118, 1), (14.423076923076923, 1), (15.102564102564102, 1), (15.84873949579832, 1), (16.8, 1), (18.604026845637584, 1), (21.415607985480943, 1), (22.0, 1), (23.1, 1), (28.0, 2), (29.325, 1), (30.063157894736843, 1), (31.050505050505052, 1), (39.0, 2), (40.0, 1), (41.0, 1), (41.75084175084175, 1), (43.0, 1), (44.5945945945946, 1), (44.59504132231405, 1), (49.0, 1), (51.220588235294116, 1), (52.0, 1), (55.0, 1), (55.40397350993378, 1), (61.0, 2), (64.0, 1), (66.0, 2), (70.0, 2), (74.0, 2), (75.0, 1), (81.57894736842105, 1), (83.0, 1), (93.0, 1), (94.0, 1), (98.0, 1), (100.0, 37)])
Certainty percentage incorrect OrderedDict([(0.9, 1), (1.0, 2), (1.4033898305084747, 1), (1.5151515151515151, 1), (1.7142857142857142, 1), (2.0, 2), (2.2564102564102564, 1), (5.0, 1), (7.142857142857143, 1), (7.791666666666667, 1), (8.117647058823529, 1), (9.02158273381295, 1)])
Certain [40, 0]
Uncertain [60, 14]
No Result [1, 2]
Start processing folder 'testset/Junk/' with index 'index_added_final.f'.
position index OrderedDict([(-1, 32)])
Certainty percentage correct OrderedDict()
Certainty percentage incorrect OrderedDict([(0.4444444444444444, 1), (0.9316770186335404, 1), (1.0769230769230769, 1), (1.1666666666666667, 1), (1.2, 1), (1.3448275862068966, 1), (1.5, 1), (1.5272727272727273, 1), (1.5463917525773196, 1), (1.6, 1), (1.6304347826086956, 1), (1.884297520661157, 1), (1.963350785340314, 1), (2.0, 1), (2.07, 1), (2.111111111111111, 1), (2.4705882352941178, 1), (3.0, 1), (4.285714285714286, 1), (4.344827586206897, 1), (4.3478260869565215, 1), (4.512820512820513, 1), (5.0, 1), (5.368421052631579, 1), (6.0, 1), (6.375, 1), (10.0, 2), (12.466666666666667, 1), (18.0, 1), (38.0, 1)])
Certain [0, 0]
Uncertain [0, 31]
No Result [1, 0]
Average time per image: 1.16s.
Percentages: Preprocessing images 1.04, Calculating kp & des 11.93, Searching Index 3.86, Processing search 64.65, Accuracy Calculations 1.19,Geometric Verification 17.33, Certainty Calculation 0.00.
press a